1 DLY_FF
0.000000
0.000000
1 MUL_FF
0.000000
0.000000
-0.000000
1 ADD_FF
0.000000
0.000000
0.000000

1 DLY_FB
0.000000
0.000000
1 MUL_FB
0.000000
-0.000000
0.000000
1 ADD_FB
0.000000
0.000000
0.000000

2 DLY_FF
-0.235310
-0.130875
2 MUL_FF
0.255807
0.000000
-0.255807
2 ADD_FF
0.255807
-0.235310
-0.130875

2 DLY_FB
-0.235310
-0.130875
2 MUL_FB
0.000000
-0.235310
0.124933
2 ADD_FB
0.255807
-0.235310
-0.130875

3 DLY_FF
-0.385039
-0.376671
3 MUL_FF
0.511614
0.000000
-0.511614
3 ADD_FF
0.276304
-0.385039
-0.376671

3 DLY_FB
-0.385039
-0.376671
3 MUL_FB
0.000000
-0.254165
0.134943
3 ADD_FB
0.276304
-0.385039
-0.376671

4 DLY_FF
-0.728414
-0.580671
4 MUL_FF
0.767421
0.000000
-0.767421
4 ADD_FF
0.382382
-0.728414
-0.580671

4 DLY_FB
-0.728414
-0.580671
4 MUL_FB
0.000000
-0.351743
0.186750
4 ADD_FB
0.382382
-0.728414
-0.580671

5 DLY_FF
-0.851863
-0.879245
5 MUL_FF
1.023228
0.000000
-1.023228
5 ADD_FF
0.294814
-0.851863
-0.879245

5 DLY_FB
-0.851863
-0.879245
5 MUL_FB
0.000000
-0.271192
0.143983
5 ADD_FB
0.294814
-0.851863
-0.879245

6 DLY_FF
-1.272190
-1.070411
6 MUL_FF
1.279036
0.000000
-1.279036
6 ADD_FF
0.427172
-1.272190
-1.070411

6 DLY_FB
-1.272190
-1.070411
6 MUL_FB
0.000000
-0.392944
0.208625
6 ADD_FB
0.427172
-1.272190
-1.070411

7 DLY_FF
-1.312018
-1.406567
7 MUL_FF
1.534843
0.000000
-1.534843
7 ADD_FF
0.262653
-1.312018
-1.406567

7 DLY_FB
-1.312018
-1.406567
7 MUL_FB
0.000000
-0.241607
0.128276
7 ADD_FB
0.262653
-1.312018
-1.406567

8 DLY_FF
-1.846847
-1.556893
8 MUL_FF
1.790650
0.000000
-1.790650
8 ADD_FF
0.478632
-1.846847
-1.556893

8 DLY_FB
-1.846847
-1.556893
8 MUL_FB
0.000000
-0.440280
0.233757
8 ADD_FB
0.478632
-1.846847
-1.556893

9 DLY_FF
-1.740508
-1.948970
9 MUL_FF
2.046457
0.000000
-2.046457
9 ADD_FF
0.199610
-1.740508
-1.948970

9 DLY_FB
-1.740508
-1.948970
9 MUL_FB
0.000000
-0.183616
0.097487
9 ADD_FB
0.199610
-1.740508
-1.948970

10 DLY_FF
-2.465714
-2.027911
10 MUL_FF
2.302264
0.000000
-2.302264
10 ADD_FF
0.561756
-2.465714
-2.027911

10 DLY_FB
-2.465714
-2.027911
10 MUL_FB
0.000000
-0.516744
0.274353
10 ADD_FB
0.561756
-2.465714
-2.027911

11 DLY_FF
-2.112867
-2.512965
11 MUL_FF
2.558071
0.000000
-2.558071
11 ADD_FF
0.092357
-2.112867
-2.512965

11 DLY_FB
-2.112867
-2.512965
11 MUL_FB
0.000000
-0.084957
0.045106
11 ADD_FB
0.092357
-2.112867
-2.512965

12 DLY_FF
-3.157806
-2.471514
12 MUL_FF
2.813878
0.000000
-2.813878
12 ADD_FF
0.701011
-3.157806
-2.471514

12 DLY_FB
-3.157806
-2.471514
12 MUL_FB
0.000000
-0.644841
0.342364
12 ADD_FB
0.701011
-3.157806
-2.471514

13 DLY_FF
-2.390454
-3.112722
13 MUL_FF
3.069685
0.000000
-3.069685
13 ADD_FF
-0.088121
-2.390454
-3.112722

13 DLY_FB
-2.390454
-3.112722
13 MUL_FB
0.000000
0.081060
-0.043037
13 ADD_FB
-0.088121
-2.390454
-3.112722

14 DLY_FF
-3.972839
-2.868833
14 MUL_FF
3.325492
0.000000
-3.325492
14 ADD_FF
0.935038
-3.972839
-2.868833

14 DLY_FB
-3.972839
-2.868833
14 MUL_FB
0.000000
-0.860116
0.456659
14 ADD_FB
0.935038
-3.972839
-2.868833

15 DLY_FF
-2.508667
-3.772522
15 MUL_FF
3.581300
0.000000
-3.581300
15 ADD_FF
-0.391539
-2.508667
-3.772522

15 DLY_FB
-2.508667
-3.772522
15 MUL_FB
0.000000
0.360166
-0.191222
15 ADD_FB
-0.391539
-2.508667
-3.772522

16 DLY_FF
-4.994517
-3.188316
16 MUL_FF
3.837107
0.000000
-3.837107
16 ADD_FF
1.328440
-4.994517
-3.188316

16 DLY_FB
-4.994517
-3.188316
16 MUL_FB
0.000000
-1.221996
0.648791
16 ADD_FB
1.328440
-4.994517
-3.188316

17 DLY_FF
-2.358955
-4.533244
17 MUL_FF
4.092914
0.000000
-4.092914
17 ADD_FF
-0.901604
-2.358955
-4.533244

17 DLY_FB
-2.358955
-4.533244
17 MUL_FB
0.000000
0.829361
-0.440330
17 ADD_FB
-0.901604
-2.358955
-4.533244

18 DLY_FF
-6.363576
-3.376947
18 MUL_FF
4.348721
0.000000
-4.348721
18 ADD_FF
1.989766
-6.363576
-3.376947

18 DLY_FB
-6.363576
-3.376947
18 MUL_FB
0.000000
-1.830332
0.971774
18 ADD_FB
1.989766
-6.363576
-3.376947

19 DLY_FF
-1.758846
-5.463622
19 MUL_FF
4.604528
0.000000
-4.604528
19 ADD_FF
-1.759048
-1.758846
-5.463622

19 DLY_FB
-1.758846
-5.463622
19 MUL_FB
0.000000
1.618101
-0.859094
19 ADD_FB
-1.759048
-1.758846
-5.463622

20 DLY_FF
-8.316598
-3.345612
20 MUL_FF
4.860335
0.000000
-4.860335
20 ADD_FF
3.101489
-8.316598
-3.345612

20 DLY_FB
-8.316598
-3.345612
20 MUL_FB
0.000000
-2.852976
1.514723
20 ADD_FB
3.101489
-8.316598
-3.345612

21 DLY_FF
-0.401599
-6.679199
21 MUL_FF
5.116142
0.000000
-5.116142
21 ADD_FF
-3.200456
-0.401599
-6.679199

21 DLY_FB
-0.401599
-6.679199
21 MUL_FB
0.000000
2.944013
-1.563057
21 ADD_FB
-3.200456
-0.401599
-6.679199

22 DLY_FF
-11.251290
-2.944501
22 MUL_FF
5.371949
0.000000
-5.371949
22 ADD_FF
4.970350
-11.251290
-2.944501

22 DLY_FB
-11.251290
-2.944501
22 MUL_FB
0.000000
-4.572091
2.427448
22 ADD_FB
4.970350
-11.251290
-2.944501

23 DLY_FF
2.228436
-8.374210
23 MUL_FF
5.627756
0.000000
-5.627756
23 ADD_FF
-5.623534
2.228436
-8.374210

23 DLY_FB
2.228436
-8.374210
23 MUL_FB
0.000000
5.172937
-2.746454
23 ADD_FB
-5.623534
2.228436
-8.374210

24 DLY_FF
-15.836220
-1.921778
24 MUL_FF
5.883564
0.000000
-5.883564
24 ADD_FF
8.112000
-15.836220
-1.921778

24 DLY_FB
-15.836220
-1.921778
24 MUL_FB
0.000000
-7.462009
3.961785
24 ADD_FB
8.112000
-15.836220
-1.921778

25 DLY_FF
6.998092
-10.875174
25 MUL_FF
6.139371
0.000000
-6.139371
25 ADD_FF
-9.696849
6.998092
-10.875174

25 DLY_FB
6.998092
-10.875174
25 MUL_FB
0.000000
8.919870
-4.735803
25 ADD_FB
-9.696849
6.998092
-10.875174

26 DLY_FF
-23.195281
0.145905
26 MUL_FF
6.395178
0.000000
-6.395178
26 ADD_FF
13.393269
-23.195281
0.145905

26 DLY_FB
-23.195281
0.145905
26 MUL_FB
0.000000
-12.320107
6.541082
26 ADD_FB
13.393269
-23.195281
0.145905

27 DLY_FF
15.364556
-14.730984
27 MUL_FF
6.650985
0.000000
-6.650985
27 ADD_FF
-16.544296
15.364556
-14.730984

27 DLY_FB
15.364556
-14.730984
27 MUL_FB
0.000000
15.218651
-8.079999
27 ADD_FB
-16.544296
15.364556
-14.730984

28 DLY_FF
-35.217795
3.970218
28 MUL_FF
6.906792
0.000000
-6.906792
28 ADD_FF
22.271348
-35.217795
3.970218

28 DLY_FB
-35.217795
3.970218
28 MUL_FB
0.000000
-20.486811
10.877009
28 ADD_FB
22.271348
-35.217795
3.970218

29 DLY_FF
29.777435
-20.864358
29 MUL_FF
7.162599
0.000000
-7.162599
29 ADD_FF
-28.055196
29.777435
-20.864358

29 DLY_FB
29.777435
-20.864358
29 MUL_FB
0.000000
25.807217
-13.701759
29 ADD_FB
-28.055196
29.777435
-20.864358

30 DLY_FF
-55.079808
10.747514
30 MUL_FF
7.418406
0.000000
-7.418406
30 ADD_FF
37.195841
-55.079808
10.747514

30 DLY_FB
-55.079808
10.747514
30 MUL_FB
0.000000
-34.215450
18.165920
30 ADD_FB
37.195841
-55.079808
10.747514

31 DLY_FF
54.354640
-30.826432
31 MUL_FF
7.674213
0.000000
-7.674213
31 ADD_FF
-47.405594
54.354640
-30.826432

31 DLY_FB
54.354640
-30.826432
31 MUL_FB
0.000000
43.607126
-23.152218
31 ADD_FB
-47.405594
54.354640
-30.826432

32 DLY_FF
-88.120409
22.488922
32 MUL_FF
7.930020
0.000000
-7.930020
32 ADD_FF
62.284660
-88.120409
22.488922

32 DLY_FB
-88.120409
22.488922
32 MUL_FB
0.000000
-57.293977
30.418943
32 ADD_FB
62.284660
-88.120409
22.488922

