1 DLY_FF
0.000000
0.000000
0.000000
1 MUL_FF
0.000000
0.000000
-0.000000
1 ADD_FF
0.000000
0.000000
-0.000000

1 DLY_FB
0.000000
0.000000
0.000000
1 MUL_FB
0.000000
-0.000000
0.000000
1 ADD_FB
0.000000
0.000000
0.000000

2 DLY_FF
1.000000
0.000000
0.000000
2 MUL_FF
0.255807
0.000000
-0.000000
2 ADD_FF
0.255807
0.000000
-0.000000

2 DLY_FB
0.000000
0.000000
0.000000
2 MUL_FB
0.000000
-0.000000
0.000000
2 ADD_FB
0.255807
0.000000
0.000000

3 DLY_FF
2.000000
1.000000
0.000000
3 MUL_FF
0.511614
0.000000
-0.000000
3 ADD_FF
0.511614
0.000000
-0.000000

3 DLY_FB
0.255807
0.000000
0.000000
3 MUL_FB
0.000000
-0.235310
0.000000
3 ADD_FB
0.276304
-0.235310
0.000000

4 DLY_FF
3.000000
2.000000
1.000000
4 MUL_FF
0.767421
0.000000
-0.255807
4 ADD_FF
0.511614
-0.255807
-0.255807

4 DLY_FB
0.276304
0.255807
0.000000
4 MUL_FB
0.000000
-0.254165
0.124933
4 ADD_FB
0.382382
-0.129232
0.124933

5 DLY_FF
4.000000
3.000000
2.000000
5 MUL_FF
1.023228
0.000000
-0.511614
5 ADD_FF
0.511614
-0.511614
-0.511614

5 DLY_FB
0.382382
0.276304
0.255807
5 MUL_FB
0.000000
-0.351743
0.134943
5 ADD_FB
0.294814
-0.216800
0.134943

6 DLY_FF
5.000000
4.000000
3.000000
6 MUL_FF
1.279036
0.000000
-0.767421
6 ADD_FF
0.511614
-0.767421
-0.767421

6 DLY_FB
0.294814
0.382382
0.276304
6 MUL_FB
0.000000
-0.271192
0.186750
6 ADD_FB
0.427172
-0.084442
0.186750

7 DLY_FF
6.000000
5.000000
4.000000
7 MUL_FF
1.534843
0.000000
-1.023228
7 ADD_FF
0.511614
-1.023228
-1.023228

7 DLY_FB
0.427172
0.294814
0.382382
7 MUL_FB
0.000000
-0.392944
0.143983
7 ADD_FB
0.262653
-0.248961
0.143983

8 DLY_FF
7.000000
6.000000
5.000000
8 MUL_FF
1.790650
0.000000
-1.279036
8 ADD_FF
0.511614
-1.279036
-1.279036

8 DLY_FB
0.262653
0.427172
0.294814
8 MUL_FB
0.000000
-0.241607
0.208625
8 ADD_FB
0.478632
-0.032982
0.208625

9 DLY_FF
8.000000
7.000000
6.000000
9 MUL_FF
2.046457
0.000000
-1.534843
9 ADD_FF
0.511614
-1.534843
-1.534843

9 DLY_FB
0.478632
0.262653
0.427172
9 MUL_FB
0.000000
-0.440280
0.128276
9 ADD_FB
0.199610
-0.312004
0.128276

10 DLY_FF
9.000000
8.000000
7.000000
10 MUL_FF
2.302264
0.000000
-1.790650
10 ADD_FF
0.511614
-1.790650
-1.790650

10 DLY_FB
0.199610
0.478632
0.262653
10 MUL_FB
0.000000
-0.183616
0.233757
10 ADD_FB
0.561756
0.050141
0.233757

11 DLY_FF
10.000000
9.000000
8.000000
11 MUL_FF
2.558071
0.000000
-2.046457
11 ADD_FF
0.511614
-2.046457
-2.046457

11 DLY_FB
0.561756
0.199610
0.478632
11 MUL_FB
0.000000
-0.516744
0.097487
11 ADD_FB
0.092357
-0.419257
0.097487

12 DLY_FF
11.000000
10.000000
9.000000
12 MUL_FF
2.813878
0.000000
-2.302264
12 ADD_FF
0.511614
-2.302264
-2.302264

12 DLY_FB
0.092357
0.561756
0.199610
12 MUL_FB
0.000000
-0.084957
0.274353
12 ADD_FB
0.701011
0.189397
0.274353

13 DLY_FF
12.000000
11.000000
10.000000
13 MUL_FF
3.069685
0.000000
-2.558071
13 ADD_FF
0.511614
-2.558071
-2.558071

13 DLY_FB
0.701011
0.092357
0.561756
13 MUL_FB
0.000000
-0.644841
0.045106
13 ADD_FB
-0.088121
-0.599735
0.045106

14 DLY_FF
13.000000
12.000000
11.000000
14 MUL_FF
3.325492
0.000000
-2.813878
14 ADD_FF
0.511614
-2.813878
-2.813878

14 DLY_FB
-0.088121
0.701011
0.092357
14 MUL_FB
0.000000
0.081060
0.342364
14 ADD_FB
0.935038
0.423424
0.342364

15 DLY_FF
14.000000
13.000000
12.000000
15 MUL_FF
3.581300
0.000000
-3.069685
15 ADD_FF
0.511614
-3.069685
-3.069685

15 DLY_FB
0.935038
-0.088121
0.701011
15 MUL_FB
0.000000
-0.860116
-0.043037
15 ADD_FB
-0.391539
-0.903153
-0.043037

16 DLY_FF
15.000000
14.000000
13.000000
16 MUL_FF
3.837107
0.000000
-3.325492
16 ADD_FF
0.511614
-3.325492
-3.325492

16 DLY_FB
-0.391539
0.935038
-0.088121
16 MUL_FB
0.000000
0.360166
0.456659
16 ADD_FB
1.328440
0.816825
0.456659

17 DLY_FF
16.000000
15.000000
14.000000
17 MUL_FF
4.092914
0.000000
-3.581300
17 ADD_FF
0.511614
-3.581300
-3.581300

17 DLY_FB
1.328440
-0.391539
0.935038
17 MUL_FB
0.000000
-1.221996
-0.191222
17 ADD_FB
-0.901604
-1.413218
-0.191222

18 DLY_FF
17.000000
16.000000
15.000000
18 MUL_FF
4.348721
0.000000
-3.837107
18 ADD_FF
0.511614
-3.837107
-3.837107

18 DLY_FB
-0.901604
1.328440
-0.391539
18 MUL_FB
0.000000
0.829361
0.648791
18 ADD_FB
1.989766
1.478152
0.648791

19 DLY_FF
18.000000
17.000000
16.000000
19 MUL_FF
4.604528
0.000000
-4.092914
19 ADD_FF
0.511614
-4.092914
-4.092914

19 DLY_FB
1.989766
-0.901604
1.328440
19 MUL_FB
0.000000
-1.830332
-0.440330
19 ADD_FB
-1.759048
-2.270663
-0.440330

20 DLY_FF
19.000000
18.000000
17.000000
20 MUL_FF
4.860335
0.000000
-4.348721
20 ADD_FF
0.511614
-4.348721
-4.348721

20 DLY_FB
-1.759048
1.989766
-0.901604
20 MUL_FB
0.000000
1.618101
0.971774
20 ADD_FB
3.101489
2.589875
0.971774

21 DLY_FF
20.000000
19.000000
18.000000
21 MUL_FF
5.116142
0.000000
-4.604528
21 ADD_FF
0.511614
-4.604528
-4.604528

21 DLY_FB
3.101489
-1.759048
1.989766
21 MUL_FB
0.000000
-2.852976
-0.859094
21 ADD_FB
-3.200456
-3.712070
-0.859094

22 DLY_FF
21.000000
20.000000
19.000000
22 MUL_FF
5.371949
0.000000
-4.860335
22 ADD_FF
0.511614
-4.860335
-4.860335

22 DLY_FB
-3.200456
3.101489
-1.759048
22 MUL_FB
0.000000
2.944013
1.514723
22 ADD_FB
4.970350
4.458736
1.514723

23 DLY_FF
22.000000
21.000000
20.000000
23 MUL_FF
5.627756
0.000000
-5.116142
23 ADD_FF
0.511614
-5.116142
-5.116142

23 DLY_FB
4.970350
-3.200456
3.101489
23 MUL_FB
0.000000
-4.572091
-1.563057
23 ADD_FB
-5.623534
-6.135148
-1.563057

24 DLY_FF
23.000000
22.000000
21.000000
24 MUL_FF
5.883564
0.000000
-5.371949
24 ADD_FF
0.511614
-5.371949
-5.371949

24 DLY_FB
-5.623534
4.970350
-3.200456
24 MUL_FB
0.000000
5.172937
2.427448
24 ADD_FB
8.112000
7.600385
2.427448

25 DLY_FF
24.000000
23.000000
22.000000
25 MUL_FF
6.139371
0.000000
-5.627756
25 ADD_FF
0.511614
-5.627756
-5.627756

25 DLY_FB
8.112000
-5.623534
4.970350
25 MUL_FB
0.000000
-7.462009
-2.746454
25 ADD_FB
-9.696849
-10.208463
-2.746454

26 DLY_FF
25.000000
24.000000
23.000000
26 MUL_FF
6.395178
0.000000
-5.883564
26 ADD_FF
0.511614
-5.883564
-5.883564

26 DLY_FB
-9.696849
8.112000
-5.623534
26 MUL_FB
0.000000
8.919870
3.961785
26 ADD_FB
13.393269
12.881655
3.961785

27 DLY_FF
26.000000
25.000000
24.000000
27 MUL_FF
6.650985
0.000000
-6.139371
27 ADD_FF
0.511614
-6.139371
-6.139371

27 DLY_FB
13.393269
-9.696849
8.112000
27 MUL_FB
0.000000
-12.320107
-4.735803
27 ADD_FB
-16.544296
-17.055910
-4.735803

28 DLY_FF
27.000000
26.000000
25.000000
28 MUL_FF
6.906792
0.000000
-6.395178
28 ADD_FF
0.511614
-6.395178
-6.395178

28 DLY_FB
-16.544296
13.393269
-9.696849
28 MUL_FB
0.000000
15.218651
6.541082
28 ADD_FB
22.271348
21.759733
6.541082

29 DLY_FF
28.000000
27.000000
26.000000
29 MUL_FF
7.162599
0.000000
-6.650985
29 ADD_FF
0.511614
-6.650985
-6.650985

29 DLY_FB
22.271348
-16.544296
13.393269
29 MUL_FB
0.000000
-20.486811
-8.079999
29 ADD_FB
-28.055196
-28.566810
-8.079999

30 DLY_FF
29.000000
28.000000
27.000000
30 MUL_FF
7.418406
0.000000
-6.906792
30 ADD_FF
0.511614
-6.906792
-6.906792

30 DLY_FB
-28.055196
22.271348
-16.544296
30 MUL_FB
0.000000
25.807217
10.877009
30 ADD_FB
37.195841
36.684227
10.877009

31 DLY_FF
30.000000
29.000000
28.000000
31 MUL_FF
7.674213
0.000000
-7.162599
31 ADD_FF
0.511614
-7.162599
-7.162599

31 DLY_FB
37.195841
-28.055196
22.271348
31 MUL_FB
0.000000
-34.215450
-13.701759
31 ADD_FB
-47.405594
-47.917209
-13.701759

32 DLY_FF
31.000000
30.000000
29.000000
32 MUL_FF
7.930020
0.000000
-7.418406
32 ADD_FF
0.511614
-7.418406
-7.418406

32 DLY_FB
-47.405594
37.195841
-28.055196
32 MUL_FB
0.000000
43.607126
18.165920
32 ADD_FB
62.284660
61.773046
18.165920

