1 DLY_FF
0.000000
0.000000
1 MUL_FF
0.000000
0.000000
-0.000000
1 ADD_FF
0.000000
0.000000
-0.000000

1 DLY_FB
0.000000
0.000000
1 MUL_FB
0.000000
-0.000000
0.000000
1 ADD_FB
0.000000
0.000000
0.000000

1 DLY_FF
0.000000
0.000000
1 MUL_FF
0.255807
0.000000
-0.000000
1 ADD_FF
0.255807
0.000000
-0.000000

1 DLY_FB
0.000000
0.000000
1 MUL_FB
0.000000
-0.000000
0.000000
1 ADD_FB
1.000000
0.000000
0.000000

1 DLY_FF
1.000000
0.000000
1 MUL_FF
0.276304
0.000000
-0.000000
1 ADD_FF
0.276304
0.000000
-0.000000

1 DLY_FB
1.000000
0.000000
1 MUL_FB
0.000000
-0.919873
0.000000
1 ADD_FB
1.080127
-0.919873
0.000000

1 DLY_FF
1.080127
1.000000
1 MUL_FF
0.638189
0.000000
-0.255807
1 ADD_FF
0.382382
-0.255807
-0.255807

1 DLY_FB
1.080127
1.000000
1 MUL_FB
0.000000
-0.993580
0.488386
1 ADD_FB
2.494806
-0.505194
0.488386

1 DLY_FF
2.494806
1.080127
1 MUL_FF
0.571119
0.000000
-0.276304
1 ADD_FF
0.294814
-0.276304
-0.276304

1 DLY_FB
2.494806
1.080127
1 MUL_FB
0.000000
-2.294905
0.527519
1 ADD_FB
2.232614
-1.767386
0.527519

1 DLY_FF
2.232614
2.494806
1 MUL_FF
1.065362
0.000000
-0.638189
1 ADD_FF
0.427172
-0.638189
-0.638189

1 DLY_FB
2.232614
2.494806
1 MUL_FB
0.000000
-2.053721
1.218428
1 ADD_FB
4.164707
-0.835293
1.218428

1 DLY_FF
4.164707
2.232614
1 MUL_FF
0.833771
0.000000
-0.571119
1 ADD_FF
0.262653
-0.571119
-0.571119

1 DLY_FB
4.164707
2.232614
1 MUL_FB
0.000000
-3.831001
1.090377
1 ADD_FB
3.259376
-2.740624
1.090377

1 DLY_FF
3.259376
4.164707
1 MUL_FF
1.543993
0.000000
-1.065362
1 ADD_FF
0.478632
-1.065362
-1.065362

1 DLY_FB
3.259376
4.164707
1 MUL_FB
0.000000
-2.998212
2.033983
1 ADD_FB
6.035772
-0.964228
2.033983

1 DLY_FF
6.035772
3.259376
1 MUL_FF
1.033381
0.000000
-0.833771
1 ADD_FF
0.199610
-0.833771
-0.833771

1 DLY_FB
6.035772
3.259376
1 MUL_FB
0.000000
-5.552143
1.591833
1 ADD_FB
4.039689
-3.960311
1.591833

1 DLY_FF
4.039689
6.035772
1 MUL_FF
2.105749
0.000000
-1.543993
1 ADD_FF
0.561756
-1.543993
-1.543993

1 DLY_FB
4.039689
6.035772
1 MUL_FB
0.000000
-3.716001
2.947785
1 ADD_FB
8.231784
-0.768216
2.947785

1 DLY_FF
8.231784
4.039689
1 MUL_FF
1.125738
0.000000
-1.033381
1 ADD_FF
0.092357
-1.033381
-1.033381

1 DLY_FB
8.231784
4.039689
1 MUL_FB
0.000000
-7.572196
1.972927
1 ADD_FB
4.400731
-5.599269
1.972927

1 DLY_FF
4.400731
8.231784
1 MUL_FF
2.806760
0.000000
-2.105749
1 ADD_FF
0.701011
-2.105749
-2.105749

1 DLY_FB
4.400731
8.231784
1 MUL_FB
0.000000
-4.048114
4.020286
1 ADD_FB
10.972173
-0.027827
4.020286

1 DLY_FF
10.972173
4.400731
1 MUL_FF
1.037617
0.000000
-1.125738
1 ADD_FF
-0.088121
-1.125738
-1.125738

1 DLY_FB
10.972173
4.400731
1 MUL_FB
0.000000
-10.093005
2.149254
1 ADD_FB
4.056249
-7.943751
2.149254

1 DLY_FF
4.056249
10.972173
1 MUL_FF
3.741798
0.000000
-2.806760
1 ADD_FF
0.935038
-2.806760
-2.806760

1 DLY_FB
4.056249
10.972173
1 MUL_FB
0.000000
-3.731234
5.358653
1 ADD_FB
14.627419
1.627419
5.358653

1 DLY_FF
14.627419
4.056249
1 MUL_FF
0.646078
0.000000
-1.037617
1 ADD_FF
-0.391539
-1.037617
-1.037617

1 DLY_FB
14.627419
4.056249
1 MUL_FB
0.000000
-13.455368
1.981014
1 ADD_FB
2.525646
-11.474354
1.981014

1 DLY_FF
2.525646
14.627419
1 MUL_FF
5.070238
0.000000
-3.741798
1 ADD_FF
1.328440
-3.741798
-3.741798

1 DLY_FB
2.525646
14.627419
1 MUL_FB
0.000000
-2.323274
7.143824
1 ADD_FB
19.820550
4.820550
7.143824

1 DLY_FF
19.820550
2.525646
1 MUL_FF
-0.255525
0.000000
-0.646078
1 ADD_FF
-0.901604
-0.646078
-0.646078

1 DLY_FB
19.820550
2.525646
1 MUL_FB
0.000000
-18.232389
1.233490
1 ADD_FB
-0.998899
-16.998899
1.233490

1 DLY_FF
-0.998899
19.820550
1 MUL_FF
7.060004
-0.000000
-5.070238
1 ADD_FF
1.989766
-5.070238
-5.070238

1 DLY_FB
-0.998899
19.820550
1 MUL_FB
0.000000
0.918860
9.680075
1 ADD_FB
27.598935
10.598935
9.680075

1 DLY_FF
27.598935
-0.998899
1 MUL_FF
-2.014574
0.000000
0.255525
1 ADD_FF
-1.759048
0.255525
0.255525

1 DLY_FB
27.598935
-0.998899
1 MUL_FB
0.000000
-25.387515
-0.487848
1 ADD_FB
-7.875363
-25.875363
-0.487848

1 DLY_FF
-7.875363
27.598935
1 MUL_FF
10.161493
-0.000000
-7.060004
1 ADD_FF
3.101489
-7.060004
-7.060004

1 DLY_FB
-7.875363
27.598935
1 MUL_FB
0.000000
7.244334
13.478927
1 ADD_FB
39.723261
20.723261
13.478927

1 DLY_FF
39.723261
-7.875363
1 MUL_FF
-5.215030
0.000000
2.014574
1 ADD_FF
-3.200456
2.014574
2.014574

1 DLY_FB
39.723261
-7.875363
1 MUL_FB
0.000000
-36.540355
-3.846215
1 ADD_FB
-20.386571
-40.386571
-3.846215

1 DLY_FF
-20.386571
39.723261
1 MUL_FF
15.131843
-0.000000
-10.161493
1 ADD_FF
4.970350
-10.161493
-10.161493

1 DLY_FB
-20.386571
39.723261
1 MUL_FB
0.000000
18.753056
19.400276
1 ADD_FB
59.153332
38.153332
19.400276

1 DLY_FF
59.153332
-20.386571
1 MUL_FF
-10.838564
0.000000
5.215030
1 ADD_FF
-5.623534
5.215030
5.215030

1 DLY_FB
59.153332
-20.386571
1 MUL_FB
0.000000
-54.413553
-9.956511
1 ADD_FB
-42.370064
-64.370064
-9.956511

1 DLY_FF
-42.370064
59.153332
1 MUL_FF
23.243842
-0.000000
-15.131843
1 ADD_FF
8.112000
-15.131843
-15.131843

1 DLY_FB
-42.370064
59.153332
1 MUL_FB
0.000000
38.975078
28.889646
1 ADD_FB
90.864724
67.864724
28.889646

1 DLY_FF
90.864724
-42.370064
1 MUL_FF
-20.535413
0.000000
10.838564
1 ADD_FF
-9.696849
10.838564
10.838564

1 DLY_FB
90.864724
-42.370064
1 MUL_FB
0.000000
-83.584006
-20.692937
1 ADD_FB
-80.276943
-104.276943
-20.692937

1 DLY_FF
-80.276943
90.864724
1 MUL_FF
36.637112
-0.000000
-23.243842
1 ADD_FF
13.393269
-23.243842
-23.243842

1 DLY_FB
-80.276943
90.864724
1 MUL_FB
0.000000
73.844593
44.377039
1 ADD_FB
143.221632
118.221632
44.377039

1 DLY_FF
143.221632
-80.276943
1 MUL_FF
-37.079709
0.000000
20.535413
1 ADD_FF
-16.544296
20.535413
20.535413

1 DLY_FB
143.221632
-80.276943
1 MUL_FB
0.000000
-131.745712
-39.206118
1 ADD_FB
-144.951830
-170.951830
-39.206118

1 DLY_FF
-144.951830
143.221632
1 MUL_FF
58.908459
-0.000000
-36.637112
1 ADD_FF
22.271348
-36.637112
-36.637112

1 DLY_FB
-144.951830
143.221632
1 MUL_FB
0.000000
133.337275
69.947409
1 ADD_FB
230.284683
203.284683
69.947409

1 DLY_FF
230.284683
-144.951830
1 MUL_FF
-65.134905
0.000000
37.079709
1 ADD_FF
-28.055196
37.079709
37.079709

1 DLY_FB
230.284683
-144.951830
1 MUL_FB
0.000000
-211.832663
-70.792413
1 ADD_FB
-254.625075
-282.625075
-70.792413

1 DLY_FF
-254.625075
230.284683
1 MUL_FF
96.104300
-0.000000
-58.908459
1 ADD_FF
37.195841
-58.908459
-58.908459

1 DLY_FB
-254.625075
230.284683
1 MUL_FB
0.000000
234.222732
112.467765
1 ADD_FB
375.690497
346.690497
112.467765

1 DLY_FF
375.690497
-254.625075
1 MUL_FF
-112.540499
0.000000
65.134905
1 ADD_FF
-47.405594
65.134905
65.134905

1 DLY_FB
375.690497
-254.625075
1 MUL_FB
0.000000
-345.587545
-124.355266
1 ADD_FB
-439.942811
-469.942811
-124.355266

1 DLY_FF
-439.942811
375.690497
1 MUL_FF
158.388961
-0.000000
-96.104300
1 ADD_FF
62.284660
-96.104300
-96.104300

1 DLY_FB
-439.942811
375.690497
1 MUL_FB
0.000000
404.691514
183.481897
1 ADD_FB
619.173411
588.173411
183.481897

