0
19
44
68
92
115
136
152
171
189
205
219
231
238
246
251
254
255
253
250
244
236
225
212
197
185
167
147
126
103
80
56
37
13
-13
-37
-62
-86
-103
-126
-147
-167
-185
-201
-212
-225
-236
-244
-250
-254
-255
-254
-251
-246
-238
-228
-215
-205
-189
-171
-152
-131
-109
-92
-68
-44
-19
6
31
50
74
98
120
142
162
176
193
208
222
233
242
249
252
255
255
252
247
240
233
222
208
193
176
157
142
120
98
74
50
25
6
-19
-44
-68
-92
-115
-136
-152
-171
-189
-205
-219
-231
-238
-246
-251
-254
-255
-253
-250
-244
-236
-225
-212
-197
-185
-167
-147
-126
-103
-80
-56
-37
-13
13
37
62
86
103
126
147
167
185
201
212
225
236
244
250
254
255
254
251
246
238
228
215
205
189
171
152
131
109
92
68
44
19
-6
-31
-50
-74
-98
-120
-142
-162
-176
-193
-208
-222
-233
-242
-249
-252
-255
-255
-252
-247
-240
-233
-222
-208
-193
-176
-157
-142
-120
-98
-74
-50
-25
-6
19
44
68
92
115
136
152
171
189
205
219
231
238
246
251
254
255
253
250
244
236
225
212
197
185
167
147
126
103
80
56
37
13
-13
-37
-62
-86
-103
-126
-147
-167
-185
-201
-212
-225
-236
-244
-250
-254
-255
-254
-251
-246
-238
-228
-215
-205
-189
-171
-152
-131
-109
-92
-68
-44
-19
6
31
50
74
98
120
142
162
176
193
208
222
233
242
247
252
255
255
252
247
240
233
222
208
193
176
157
142
120
98
74
50
25
6
-19
-44
-68
-92
-115
-131
-152
-171
-189
-205
-219
-231
-238
-246
-251
-254
-255
-253
-250
-244
-236
-225
-212
-197
-185
-167
-147
-126
-103
-80
-62
-37
